%YAML:1.0
---
camera intrinsic matrix: !!opencv-matrix
   rows: 3
   cols: 3
   dt: d
   data: [ 5.5878411903942083e+02, 0., 3.3857552471167537e+02, 0.,
       5.6141734998078994e+02, 2.2346708216620848e+02, 0., 0., 1. ]
distortion coefficients: !!opencv-matrix
   rows: 1
   cols: 5
   dt: d
   data: [ -2.0773095686139109e-01, 4.9836967892873058e-01,
       -4.0735650550948610e-04, 6.0969451529150984e-03,
       -6.0928423273425036e-01 ]
